        Span [m]	       Chord [m]	Pitch axis [x/c]
          0.0600	          0.0400	          0.4710
          0.0642	          0.0400	          0.4667
          0.0684	          0.0400	          0.4623
          0.0726	          0.0400	          0.4579
          0.0768	          0.0400	          0.4534
          0.0810	          0.0403	          0.4489
          0.0852	          0.0409	          0.4443
          0.0894	          0.0418	          0.4398
          0.0936	          0.0430	          0.4352
          0.0978	          0.0444	          0.4307
          0.1020	          0.0461	          0.4261
          0.1062	          0.0480	          0.4216
          0.1104	          0.0500	          0.4172
          0.1146	          0.0521	          0.4130
          0.1188	          0.0544	          0.4088
          0.1230	          0.0567	          0.4046
          0.1272	          0.0591	          0.4005
          0.1314	          0.0615	          0.3965
          0.1356	          0.0638	          0.3925
          0.1398	          0.0662	          0.3886
          0.1440	          0.0685	          0.3847
          0.1482	          0.0706	          0.3809
          0.1524	          0.0727	          0.3771
          0.1566	          0.0746	          0.3733
          0.1608	          0.0763	          0.3696
          0.1650	          0.0779	          0.3660
          0.1692	          0.0791	          0.3625
          0.1734	          0.0801	          0.3591
          0.1776	          0.0809	          0.3559
          0.1818	          0.0813	          0.3528
          0.1860	          0.0814	          0.3498
          0.1902	          0.0815	          0.3470
          0.1944	          0.0815	          0.3443
          0.1986	          0.0816	          0.3417
          0.2028	          0.0816	          0.3392
          0.2070	          0.0816	          0.3370
          0.2112	          0.0816	          0.3348
          0.2155	          0.0815	          0.3328
          0.2197	          0.0814	          0.3309
          0.2239	          0.0813	          0.3291
          0.2281	          0.0812	          0.3275
          0.2323	          0.0810	          0.3259
          0.2365	          0.0807	          0.3244
          0.2407	          0.0805	          0.3230
          0.2449	          0.0802	          0.3217
          0.2491	          0.0798	          0.3205
          0.2533	          0.0794	          0.3194
          0.2575	          0.0790	          0.3183
          0.2617	          0.0786	          0.3172
          0.2659	          0.0781	          0.3162
          0.2703	          0.0776	          0.3153
          0.2747	          0.0771	          0.3144
          0.2791	          0.0766	          0.3135
          0.2835	          0.0761	          0.3127
          0.2879	          0.0755	          0.3120
          0.2923	          0.0750	          0.3113
          0.2967	          0.0744	          0.3106
          0.3011	          0.0739	          0.3099
          0.3055	          0.0733	          0.3093
          0.3099	          0.0728	          0.3087
          0.3143	          0.0722	          0.3081
          0.3187	          0.0716	          0.3076
          0.3231	          0.0710	          0.3071
          0.3274	          0.0704	          0.3065
          0.3318	          0.0699	          0.3060
          0.3362	          0.0693	          0.3055
          0.3404	          0.0688	          0.3049
          0.3447	          0.0683	          0.3044
          0.3489	          0.0678	          0.3039
          0.3531	          0.0674	          0.3033
          0.3573	          0.0669	          0.3027
          0.3615	          0.0665	          0.3021
          0.3657	          0.0661	          0.3015
          0.3699	          0.0657	          0.3008
          0.3741	          0.0652	          0.3002
          0.3784	          0.0648	          0.2996
          0.3826	          0.0644	          0.2989
          0.3868	          0.0639	          0.2983
          0.3910	          0.0635	          0.2976
          0.3952	          0.0631	          0.2970
          0.3994	          0.0626	          0.2963
          0.4036	          0.0622	          0.2957
          0.4078	          0.0617	          0.2951
          0.4121	          0.0613	          0.2945
          0.4163	          0.0609	          0.2940
          0.4205	          0.0604	          0.2934
          0.4247	          0.0600	          0.2929
          0.4289	          0.0595	          0.2924
          0.4330	          0.0591	          0.2920
          0.4372	          0.0587	          0.2915
          0.4413	          0.0582	          0.2911
          0.4455	          0.0578	          0.2907
          0.4496	          0.0574	          0.2903
          0.4537	          0.0570	          0.2899
          0.4579	          0.0566	          0.2896
          0.4620	          0.0561	          0.2893
          0.4661	          0.0557	          0.2890
          0.4703	          0.0553	          0.2887
          0.4744	          0.0549	          0.2885
          0.4786	          0.0545	          0.2883
          0.4827	          0.0541	          0.2881
          0.4868	          0.0537	          0.2880
          0.4910	          0.0533	          0.2879
          0.4951	          0.0530	          0.2878
          0.4992	          0.0526	          0.2878
          0.5034	          0.0522	          0.2878
          0.5075	          0.0518	          0.2878
          0.5116	          0.0514	          0.2879
          0.5159	          0.0511	          0.2879
          0.5201	          0.0507	          0.2879
          0.5243	          0.0503	          0.2879
          0.5285	          0.0499	          0.2880
          0.5328	          0.0496	          0.2881
          0.5370	          0.0492	          0.2882
          0.5412	          0.0488	          0.2884
          0.5454	          0.0485	          0.2887
          0.5496	          0.0481	          0.2889
          0.5539	          0.0478	          0.2891
          0.5581	          0.0474	          0.2894
          0.5623	          0.0471	          0.2897
          0.5665	          0.0467	          0.2900
          0.5708	          0.0464	          0.2904
          0.5750	          0.0460	          0.2908
          0.5792	          0.0457	          0.2912
          0.5834	          0.0453	          0.2917
          0.5876	          0.0450	          0.2921
          0.5919	          0.0447	          0.2926
          0.5961	          0.0443	          0.2931
          0.6002	          0.0440	          0.2935
          0.6044	          0.0436	          0.2941
          0.6086	          0.0433	          0.2946
          0.6127	          0.0429	          0.2951
          0.6169	          0.0426	          0.2957
          0.6210	          0.0422	          0.2963
          0.6252	          0.0419	          0.2969
          0.6293	          0.0416	          0.2975
          0.6335	          0.0412	          0.2981
          0.6376	          0.0409	          0.2987
          0.6418	          0.0406	          0.2994
          0.6459	          0.0402	          0.3000
          0.6501	          0.0399	          0.3007
          0.6543	          0.0396	          0.3014
          0.6584	          0.0393	          0.3021
          0.6626	          0.0389	          0.3028
          0.6667	          0.0386	          0.3035
          0.6709	          0.0383	          0.3042
          0.6750	          0.0380	          0.3049
          0.6792	          0.0377	          0.3057
          0.6833	          0.0374	          0.3064
          0.6875	          0.0372	          0.3071
          0.6916	          0.0369	          0.3079
          0.6958	          0.0366	          0.3086
          0.7000	          0.0363	          0.3093
          0.7041	          0.0361	          0.3101
          0.7083	          0.0358	          0.3108
          0.7130	          0.0355	          0.3116
          0.7178	          0.0352	          0.3124
          0.7225	          0.0348	          0.3133
          0.7273	          0.0345	          0.3141
          0.7320	          0.0342	          0.3150
          0.7362	          0.0339	          0.3159
          0.7404	          0.0336	          0.3167
          0.7446	          0.0334	          0.3176
          0.7488	          0.0331	          0.3184
          0.7530	          0.0328	          0.3194
          0.7572	          0.0325	          0.3203
          0.7614	          0.0322	          0.3213
          0.7656	          0.0319	          0.3223
          0.7698	          0.0316	          0.3234
          0.7740	          0.0313	          0.3245
          0.7782	          0.0310	          0.3255
          0.7824	          0.0306	          0.3267
          0.7866	          0.0303	          0.3278
          0.7908	          0.0300	          0.3289
          0.7950	          0.0297	          0.3301
          0.7992	          0.0294	          0.3313
          0.8034	          0.0291	          0.3325
          0.8076	          0.0288	          0.3338
          0.8118	          0.0284	          0.3350
          0.8160	          0.0281	          0.3363
          0.8202	          0.0278	          0.3375
          0.8244	          0.0275	          0.3388
          0.8286	          0.0271	          0.3402
          0.8328	          0.0268	          0.3415
          0.8370	          0.0265	          0.3429
          0.8412	          0.0261	          0.3443
          0.8454	          0.0258	          0.3457
          0.8496	          0.0255	          0.3471
          0.8538	          0.0251	          0.3487
          0.8580	          0.0248	          0.3502
          0.8622	          0.0245	          0.3518
          0.8664	          0.0241	          0.3535
          0.8706	          0.0238	          0.3552
          0.8748	          0.0234	          0.3569
          0.8790	          0.0231	          0.3587
          0.8832	          0.0227	          0.3605
          0.8874	          0.0222	          0.3623
          0.8916	          0.0212	          0.3642
          0.8958	          0.0179	          0.3662
          0.9000	          0.0106	          0.3682
